----------Ground truth data----------
    10  20  30  40  50  60  70
SA   3  62  28  63  56  49  67
FB  28  75  39   7   4  40  78
CF  14  26  25   2  68   3  64
SA  42  59  24   5  60  77  23
-------------------------------------

-----------Predicted data------------
           10         20         30         40         50         60         70
FB   2.906816  61.780893  39.661698  62.651170  56.214648  48.792989  66.247141
CF  28.043268  74.799719        NaN   7.505594   4.050989        NaN  77.410553
SA  13.973040  25.975806  24.880228        NaN  68.151150  39.940011  63.954378
oe  42.206267  58.905000        NaN   4.855002  60.389331        NaN  22.795095
-------------------------------------

mean_error_rate :  56.293 %
