----------Ground truth data----------
     1    2    3    4    5
1  226   66   55   99  278
2  305   47  316  159   93
3   30    4   64  159  107
4  158  212   68  109   39
5  387  328   50  126  457
6  349  362   72  447  354
7   63  266   85  352  279
-------------------------------------

-----------Predicted data------------
           41           2           3           4           5
1    2.256057   67.016748   16.317379   98.574628  279.721492
2  306.796871   48.144478  318.567137  158.621289   32.134010
3   31.867482    5.244391         NaN  158.610520         NaN
4  159.988923  212.747819         NaN         NaN         NaN
5  388.230310  329.330522         NaN         NaN         NaN
6  351.215355  362.291035         NaN   38.352974  458.181547
7   64.978758  267.326637   74.420277  446.376283   28.728386
-------------------------------------

mean_error_rate :  20.597 %
