----------Ground truth data----------
     1    2    3    4    5    6    7    8
1  165  202  338   53  351  287   43  220
2  112  432  125  411  372  425  251  391
3  157  308  238  421  379  139  261   75
4  293  496  200  178  195  312   46  310
5  415  102  300  216  215  295  453  131
6  146  414  401  287  479  482  443  223
-------------------------------------

-----------Predicted data------------
            1           2           3  ...           6           7           8
1  166.443924  202.548912  340.128134  ...  287.496556  251.618903  390.355470
2  113.302563  434.355194  128.354919  ...  423.828878  261.635437         NaN
3  160.898319  310.161201  241.740149  ...  139.108570         NaN  310.388537
4  294.599063  499.125103         NaN  ...  312.282998  452.721135         NaN
5  417.773491  105.352714  303.878479  ...  295.246624  441.685037  224.001102
6  148.842656  417.263709  404.105814  ...  483.053183         NaN         NaN

[6 rows x 8 columns]
-------------------------------------

mean_error_rate :  67.699 %
