----------Ground truth data----------
     1    2    3    4    5    6
1  841  456  184  725  562  231
2  678  345  321  984  615  985
3  156  984  231  566  551  311
4  698  145  698  484  615  984
5  231  245  656  486  972  384
6  684  154  568  466  151  562
7  986  484  632  782  624  982
8  315  646  156  846  845  635
-------------------------------------

-----------Predicted data------------
            1           2           3           4           5           6
1  841.211789  459.357278  326.260321  733.461316  564.527851  991.016386
2  679.077740  346.964162         NaN  991.016386  616.901574         NaN
3  156.321929  986.902651  704.582897  570.851249  552.662664  990.064351
4  696.778554  147.048395  660.583563  489.546216  615.949538  390.117241
5  229.981292  246.054243         NaN  492.179006  972.986474         NaN
6  683.391285  155.422784  637.869869  470.470239         NaN  985.527489
7  984.469671  484.480445  161.746183  786.563758  325.931222  639.973750
8  312.491062  645.662458         NaN  851.372714  844.097280         NaN
-------------------------------------

[[ 2.11788789e-01  3.35727788e+00  1.42260321e+02  8.46131620e+00
   2.52785097e+00  7.60016386e+02]
 [ 1.07773980e+00  1.96416153e+00             nan  7.01638638e+00
   1.90157399e+00             nan]
 [ 3.21929146e-01  2.90265140e+00  4.73582897e+02  4.85124930e+00
   1.66266394e+00  6.79064351e+02]
 [-1.22144627e+00  2.04839515e+00 -3.74164373e+01  5.54621585e+00
   9.49538184e-01 -5.93882759e+02]
 [-1.01870770e+00  1.05424253e+00             nan  6.17900624e+00
   9.86473648e-01             nan]
 [-6.08715241e-01  1.42278422e+00  6.98698689e+01  4.47023909e+00
              nan  4.23527489e+02]
 [-1.53032900e+00  4.80445067e-01 -4.70253817e+02  4.56375799e+00
  -2.98068778e+02 -3.42026250e+02]
 [-2.50893758e+00 -3.37541750e-01             nan  5.37271418e+00
  -9.02719962e-01             nan]]
mean_error_rate :  28.180 %
