----------Ground truth data----------
     1    2    3    4    5    6    7
1  270  281  428  114  492  131   48
2  350  441  323  193  366  298  300
3  334  335  189  292  172   12  236
4   90   96   96  126  293  213  348
5   65  185  215  146   54  157  350
6  500  231  242  309  454   81  320
7   86  491   61  133  440   90   17
8   17   79  295  413  409  212   35
-------------------------------------

-----------Predicted data------------
              1           2           3  ...           5           6           7
1    268.571848  283.041359  434.380635  ...  495.506938  134.507396  302.530905
2    348.449456  443.977760  329.107558  ...  369.120186  299.577943  237.713400
3    331.617575  338.261739  194.452514  ...  174.520024   14.026567  349.040048
4     87.407660   97.743025  100.253043  ...  295.739093  213.794412  350.811825
5     61.864543  186.331870  152.225165  ...         NaN   63.193376  321.134562
s    497.721659  233.579254  245.981692  ...  455.937254   82.535274         NaN
NaN   84.011754  493.292217   65.851041  ...  441.172447         NaN   35.287890
8     12.993031   79.582312  299.134999  ...  411.938128  212.170283         NaN

[8 rows x 7 columns]
-------------------------------------

mean_error_rate :  24.416 %
