----------Ground truth data----------
     1    2    3    4    5
1  352  429  111  217  424
2  202  293  110  371  340
3   91  187  262   36   69
-------------------------------------

-----------Predicted data------------
               1           2           3           4           5
miss  352.106215  427.802772  103.181895  218.940921  425.010823
miss  201.247444  291.311185  100.844139  370.126978  339.749501
miss   89.796569  184.375521  250.306935   35.687524   68.696646
-------------------------------------

mean_error_rate :  1.771 %
