----------Ground truth data----------
     1    2    3    4
1   36  322    5   25
2   91    1  364   25
3   47   16  178   46
4  232  105  391  298
5    5  228  219  121
6  458   64  219  421
-------------------------------------

-----------Predicted data------------
            1           2           3           4
1   37.375238  327.315197    7.804124   27.443036
2   94.170943    5.225064  368.171462         NaN
4   48.621633   20.206164  181.925944   48.854171
3  234.331609  110.268931  395.589836  301.792363
5    8.117699  233.140731         NaN  124.326925
6  462.282509   69.764997  224.092879  425.781051
-------------------------------------

mean_error_rate :  28.447 %
