----------Ground truth data----------
    1   2    3    4
1  45  31   76   34
2  76  25   45   12
3  12  65  123   76
4  78  76   67   81
5  47  95   78  100
-------------------------------------

-----------Predicted data------------
              1          2           3          4
miss  45.538288  31.725495   76.234499  33.868761
1     76.658702  25.624439   45.210266  11.968838
2     12.462665  65.833274  123.315278  75.910784
3     78.390684  76.754883   67.097269  80.997630
5     47.366452  95.698306   78.412935  99.941052
-------------------------------------

[[ 0.53828791  0.72549533  0.23449907 -0.13123931]
 [ 0.65870196  0.62443853  0.21026639 -0.03116211]
 [ 0.4626646   0.83327389  0.31527769 -0.08921583]
 [ 0.39068432  0.75488332  0.09726931 -0.00237   ]
 [ 0.36645163  0.69830578  0.41293523 -0.05894754]]
mean_error_rate :  0.879 %
