----------Ground truth data----------
     1    2    3    4    5    6
1  434  222  417  181   44  149
2  204  151  202   71  215  213
3   57  201  196  131  129   60
-------------------------------------

-----------Predicted data------------
             4           2           3           5           6        miss
41  436.509850  153.249732  418.717110  185.907477   44.974671  149.642997
2   206.554939  203.656409  203.714818   75.719532  215.900326  214.031248
3    59.737461         NaN  198.049178  137.194651  130.835407   60.781516
-------------------------------------

mean_error_rate :  5.597 %
