----------Ground truth data----------
     1    2    3    4    5    6    7    8    9   10
1  105  331  129   60  272   32  467  266  174  222
2  355  386  307  470  361  203  487  431   75  344
3  119  176  292  323  262  225   97  243  294  180
4   60  332  271  240  497  183   70  197  132  369
5  304  209  435  320  110  382  349  336   23  198
6  226  421  133  273   53  314   47  371  378  342
7  230  417  160  324   55  386  263  261  122  353
-------------------------------------

-----------Predicted data------------
            1           2           3  ...           8           9          10
1  101.393667  332.622903  306.172673  ...  260.249800  292.466462  343.381976
2         NaN         NaN         NaN  ...         NaN         NaN         NaN
3  350.810379  385.361874  291.921443  ...  424.616679         NaN  178.725766
4         NaN         NaN         NaN  ...         NaN         NaN         NaN
5  114.393372  175.522940  268.674040  ...   80.454182   21.625804  367.012911
6         NaN         NaN         NaN  ...   21.296102         NaN    1.338997
7   55.504437  329.258590  432.495900  ...         NaN  374.697002         NaN

[7 rows x 10 columns]
-------------------------------------

mean_error_rate :  116.585 %
