----------Ground truth data----------
      1    2    3    4    5    6    7
1   301  406  415  487  293  339  277
2    87  202  430  356  475  104   17
3    46  495  395  156   31  160   27
4   128   45  159  146  293   67  403
5   430  161  227  426  143  336  226
6   456  256  377  456  414  286  192
7   350   31   55  320   96   85  395
8   363  363   55  128  222   74  183
9   115  279  135   45  197  239  267
10  289  265  263  420  414  455  356
-------------------------------------

-----------Predicted data------------
                1           2           3  ...           5           6           7
2      301.212901  410.531172  417.733536  ...  478.290727  340.205999  199.079078
3       87.198772  204.991466  432.106015  ...         NaN         NaN         NaN
5 6 :   46.062881  499.442745  398.172489  ...         NaN         NaN         NaN
NaN    126.535863    4.081340         NaN  ...         NaN         NaN  407.033905
7      429.461565    4.045507  138.808548  ...         NaN         NaN         NaN
8      456.121062    3.586849         NaN  ...  417.135131         NaN         NaN
9      348.884669    3.128191  379.424842  ...         NaN         NaN  195.950887
10     361.985088  366.220508         NaN  ...         NaN  282.400756  398.878392
1      114.073265  282.712500   56.905843  ...  224.273019         NaN  133.602063
94     288.187730  268.694765         NaN  ...  200.508801         NaN         NaN

[10 rows x 7 columns]
-------------------------------------

mean_error_rate :  47.249 %
