----------Ground truth data----------
    1   2   3
1  58  43  27
2  24  40  59
3  52  47  23
4  28  45  56
5  50  45  25
6  28  44  54
-------------------------------------

-----------Predicted data------------
        miss     miss.1     miss.2
1  58.325832  43.317697  27.715626
2  24.315163  40.311466  59.802329
3  52.313370  47.356124  23.747412
4  28.353590  45.372018  56.856240
5  50.389405  45.432159  25.741591
6  28.276758  44.443415  54.932275
-------------------------------------

[[0.32583173 0.31769733 0.71562583]
 [0.31516328 0.31146629 0.80232944]
 [0.31336965 0.35612429 0.74741236]
 [0.35359024 0.37201756 0.85624028]
 [0.3894048  0.43215945 0.7415907 ]
 [0.27675826 0.44341532 0.93227543]]
mean_error_rate :  1.337 %
