----------Ground truth data----------
   1  2  3  4  5   6
1  9  3  2  3  4   2
2  6  5  9  9  3   3
3  3  6  2  5  2  10
4  9  3  3  4  6   5
-------------------------------------

-----------Predicted data------------
     1    2    3    4    5    6
1  0.0  0.0  0.0  0.0  0.0  0.0
2  0.0  NaN  0.0  0.0  0.0  0.0
3  0.0  0.0  0.0  0.0  0.0  0.0
4  0.0  NaN  NaN  NaN  NaN  0.0
-------------------------------------

[[ -9.  -3.  -2.  -3.  -4.  -2.]
 [ -6.  nan  -9.  -9.  -3.  -3.]
 [ -3.  -6.  -2.  -5.  -2. -10.]
 [ -9.  nan  nan  nan  nan  -5.]]
mean_error_rate :  100.000 %
