----------Ground truth data----------
       A     B     C     D     E
10   371  1267   215  1015   655
20  1052   193   877  1356   279
30    24  1305  1144    75   243
40  1102   499  1192  1170  1402
50   909  1155   627  1495   311
60  1000  1358   609  1113   282
70   511   585   945   114  1072
-------------------------------------

-----------Predicted data------------
              A            B           Cc            D            E
10   365.004004  1249.581781     6.473728  1014.395060  1392.613084
20  1042.517695   181.073974          NaN  1353.770718          NaN
30    23.610066  1282.692995  1131.702815          NaN   283.244630
40  1100.324276          NaN  1175.038710  1172.849067  1069.650230
50   902.951740  1136.158263          NaN  1495.031265          NaN
60   995.887814  1337.986246   598.667495  1118.012785          NaN
70   509.977425   571.249354   932.312000   127.760921          NaN
-------------------------------------

mean_error_rate :  10.692 %
