----------Ground truth data----------
         ABS         PET         PPP
1  22.724508  152.975738  167.633263
2  35.311723   66.107449  114.939102
3  52.185381   12.697719  193.566104
4  11.711730  162.860309   59.105080
5  13.226251  167.381672  107.029237
6  27.395937  271.746748   83.320234
7  82.027004   69.183045  192.656888
-------------------------------------

-----------Predicted data------------
      miss  miss.1  miss.2
miss   0.0     0.0     0.0
1      0.0     0.0     0.0
2      0.0     NaN     0.0
4      0.0     0.0     NaN
3      0.0     0.0     NaN
5      0.0     0.0     NaN
6      0.0     0.0     0.0
-------------------------------------

mean_error_rate :  100.000 %
