----------Ground truth data----------
    A  B   C   D   E   F   G
5   1  1   1   1   1   1   1
10  1  2   3   4   5   6   7
15  1  3   6  10  15  21  28
20  1  4  10  20  35  56  84
25  1  5  15  35  70  26  10
30  1  6  21  56  26  52  62
35  1  7  28  84  10  62  24
40  1  8  36  20  30  92  16
-------------------------------------

-----------Predicted data------------
           A         B         Cc          D          E          F          G
5   1.205088  2.373082   1.789085   2.265254   2.265254   2.480911   2.373082
10  1.313778  3.218455   3.739481   5.320673   6.057355   7.378035   1.358635
15  1.161956  4.432169   6.794900  11.322821  16.111254   3.416859  18.042672
20  1.270647  5.277542  10.587001  21.008378  36.218189  18.259191  85.207546
25  1.379338  6.122915  15.484125  36.219051  70.950936  27.334010        NaN
30  1.119688  7.336629  21.486273  57.062668  11.001924  53.226573  62.956124
35  1.228379  8.182002  28.593443  85.057449  11.128730  63.172643  13.060148
40  1.337069  9.027374  36.437295  21.182628  31.127836  93.224786  17.238705
-------------------------------------

mean_error_rate :  31.840 %
