----------Ground truth data----------
    1    2    3
1  89   76   97
2  15  124   52
3  52   24   45
4  61   76   12
5  18   95   45
6  73   43   67
7  58   78  145
-------------------------------------

-----------Predicted data------------
        miss      miss.1      miss.2
1  90.795994   79.207096   98.269685
2  15.655215  127.524637   52.681445
4  53.214976   26.240818   45.479833
3  62.087327   78.673565   12.009771
5  18.531183   97.791420   45.488336
5  74.020576   45.190749   67.679842
7  58.815993   80.701409  146.045191
-------------------------------------

mean_error_rate :  2.584 %
