----------Ground truth data----------
    A   B   C   D    E
1  12  34  56  78   90
2  15  32  46  76   89
3   8  43  57  87  102
4  23  46  68  90  113
5   1  10  20  30   40
-------------------------------------

-----------Predicted data------------
        miss     miss.1     miss.2     miss.3      miss.4
1  12.191922  35.432773  57.432808  79.607896   91.568130
2  15.317132  33.337287  47.305481  77.512409   90.677420
4   8.000949  44.092745  58.462531  88.669460  103.440838
3  23.173919  47.217955  69.217990  91.305551  114.597888
5   0.998831  10.987146  20.939420  30.979221   41.019021
-------------------------------------

mean_error_rate :  2.488 %
