----------Ground truth data----------
    100   200   300   400   500   600
A  1285  1208   431   386  1077  1319
B  1011   629   148  1231   915   695
C   763   981  1008   233   917  1048
-------------------------------------

-----------Predicted data------------
            100          200  ...          500          600
A   1313.913153  1230.377696  ...  1084.809532  1328.507391
KR  1037.946774   646.205201  ...   923.524498   701.329391
C    785.958697  1003.461771  ...   927.093897  1058.585962

[3 rows x 6 columns]
-------------------------------------

[[28.91315332 22.37769552 -0.91616993 17.62997559  7.80953217  9.50739077]
 [26.94677363 17.20520054         nan 31.61743113  8.52449771  6.32939133]
 [22.9586973  22.46177072  7.58045705 22.55747563 10.09389701 10.58596151]]
mean_error_rate :  2.234 %
