----------Ground truth data----------
     1    2    3    4    5    6    7    8
1  398   28  361   36  272  217  375   70
2  273  152  361  462  493  236  252  238
3  344   24  439  401  358  281  324  182
4  447   98  292  143  420  135  154  395
-------------------------------------

-----------Predicted data------------
             1           2           3  ...           6           7           8
41  468.104357   67.775350  428.942295  ...   42.801696  440.776250  306.274258
2   343.164118   41.609048  427.389796  ...  179.246883  319.023262  249.181339
3   414.918391   66.500450  506.433620  ...         NaN  390.777535  464.361907
4   518.545174  141.441974  359.624727  ...         NaN  220.300733         NaN

[4 rows x 8 columns]
-------------------------------------

mean_error_rate :  98.070 %
