----------Ground truth data----------
     1    2    3    4    5    6    7    8    9
1  444  307  311  282  194  353  418  286   10
2  466  410  348  348  388   55    8   62  218
3   96  266  361  214  368  195  432  336  417
4  130  102  174  419  216  296   40  300  309
5  449  227  259  366  347  230  335   28  261
6  297  214  279  181  473   26  251   29  432
7  252  484   79  228  393  115  109   77   49
-------------------------------------

-----------Predicted data------------
            1           2           3  ...           7           8           9
1  448.218773  418.773097  332.535107  ...  436.570584  305.661493  239.852180
2  469.682188  275.861050  368.543976  ...         NaN         NaN  439.497413
3   98.418330         NaN  382.734664  ...  453.303769  355.121951  330.051737
4  133.688101  235.151515  196.186253  ...         NaN  318.403548  282.424242
5  453.333333  220.251293  279.467849  ...  354.412417         NaN  455.875831
5  300.251293  495.521064         NaN  ...  270.421286   44.966741   70.066519
7  256.260163         NaN   96.940133  ...  124.611973   94.781966         NaN

[7 rows x 9 columns]
-------------------------------------

mean_error_rate :  68.642 %
