----------Ground truth data----------
       1     2     3     4     5
1   16.8  16.0  19.6  13.2  13.6
2   12.0   7.4  21.2  13.0   8.6
3   20.8  17.6  17.4  23.6   6.2
4   11.2  10.4  14.8  21.2  16.6
5   16.8  13.4   7.4  16.2  22.8
6   18.4  20.0  13.8  22.8  12.0
7   20.6  17.4   7.8  15.4  12.6
8   11.4  14.6  14.6  15.6  22.2
9    9.8  15.2   8.6  20.8  12.2
10   7.4  13.2  22.0  14.8   8.8
-------------------------------------

-----------Predicted data------------
            4          2          3        4.1          5
1    0.938725   1.914776  18.736238  12.058287  15.645796
2   15.753139  14.962792  20.340578  22.695156  21.952106
3   10.921802        NaN  16.525401  20.307657  11.063921
4   19.824964  16.590780  13.912088  15.250507  11.724900
5   10.178751   9.380986        NaN  21.935645  21.305501
7   15.807621  12.420423  13.023442  14.507456  11.320569
6   17.411962  18.992654   6.910024  14.644011        NaN
8   19.580835  16.419450  13.780866  19.934161        NaN
9   10.418939  13.620432   7.707557        NaN        NaN
10   8.789096  14.168505        NaN        NaN        NaN
-------------------------------------

[[-15.86127541 -14.08522441  -0.86376207  -1.14171291   2.04579616]
 [  3.75313858   7.5627923   -0.85942171   9.69515643  13.35210573]
 [ -9.87819795          nan  -0.87459873  -3.29234314   4.86392064]
 [  8.6249637    6.19078045  -0.88791153  -5.9494929   -4.87510041]
 [ -6.62124865  -4.01901386          nan   5.73564501  -1.49449908]
 [ -2.59237876  -7.57957713  -0.77655844  -8.29254361  -0.67943127]
 [ -3.18803839   1.59265418  -0.88997622  -0.7559892           nan]
 [  8.18083503   1.81944989  -0.81913359   4.33416086          nan]
 [  0.61893872  -1.57956763  -0.89244286          nan          nan]
 [  1.38909583   0.96850471          nan          nan          nan]]
mean_error_rate :  32.819 %
