----------Ground truth data----------
     1    2    3    4    5
1   62  283   53  466  493
2  246  321   72  365  430
3  427  209   84  369  393
4  437  103  311   32  257
5  136  474  287  431   89
6  105   42   27  468  200
-------------------------------------

-----------Predicted data------------
            1           2           3           4           5
1   64.332259  286.748378   17.473076  466.236757  496.354073
2  247.975242  324.244271   19.068444  365.277511  433.854588
4  427.772248  211.747097   18.104576  368.159619  394.430960
3  436.423320  105.018887  312.065346         NaN  258.857929
5  135.473320  475.191709  288.025622   17.140708   90.594103
6  104.377891   44.114770   27.458370  430.326736  201.799788
-------------------------------------

mean_error_rate :  11.998 %
