----------Ground truth data----------
    Jan  Feb  Mar  Apr  May  Jun  Jul  Aug  Sep  Oct  Nov  Dec
SA  101  137  138   50   87   27  134   99   58   51   94   26
SB   11   77   44   80  133   39   96  133   97   79   21   64
SC    5   41  120   75   26   66   78   20   74   41   47   23
SD   36   20   57   94  131   50   18  131   48   11   25   13
SE   49   46   95   27  119  145  120   62    6   95   82   70
-------------------------------------

-----------Predicted data------------
             .         Jan         Feb  ...        Sep        Oct        Nov
SB  101.572792  137.400128  138.572455  ...  82.110441  94.305233  28.170444
SC   12.501932   78.039743   45.132408  ...  44.595993  21.837285  65.806018
SD    6.445633   42.848318  120.918342  ...  14.946082  48.112972        NaN
SE   37.665856   23.385967   58.936444  ...  98.596553        NaN        NaN
oe   50.833981   48.212469   96.572019  ...        NaN  82.889108  72.679918

[5 rows x 12 columns]
-------------------------------------

[[  0.5727919    0.40012846   0.57245498  37.85959981  -0.55930461
   12.88938305   0.77861603   0.82511694  41.01184246  31.11044136
    0.30523268   2.17044382]
 [  1.50193222   1.03974301   1.13240792          nan  -0.48384437
           nan   1.26416751   0.96534155          nan -34.40400717
    0.83728507   1.80601833]
 [  1.44563288   1.84831788   0.91834238          nan          nan
           nan   0.97414348          nan -23.22658184 -26.0539184
    1.11297238          nan]
 [  1.66585601   3.38596733   1.9364445           nan  -0.11039334
   96.08226617          nan   1.33879258 -38.23638027  87.59655336
           nan          nan]
 [  1.83398116   2.21246873   1.57201901          nan   0.29179342
           nan   1.61481681   1.94154332          nan          nan
    0.88910841   2.67991809]]
mean_error_rate :  36.007 %
