----------Ground truth data----------
     1    2    3    4    5
1  302   42  444  364  386
2  376  360  228  392   22
3  292  499  207  347  190
4  276  178  109    5  353
5  292  486   63  422  365
6  256  174  155  462  113
-------------------------------------

-----------Predicted data------------
               1           2           3           4           5
miss  302.788388   54.144385   54.144385  454.048892  400.362872
miss         NaN         NaN         NaN         NaN         NaN
miss         NaN         NaN         NaN         NaN         NaN
miss         NaN         NaN         NaN         NaN         NaN
1     377.874332  371.151642  371.151642  236.697861   31.751337
2            NaN  761.736058  761.736058         NaN         NaN
3            NaN         NaN         NaN         NaN         NaN
5            NaN         NaN         NaN         NaN         NaN
-------------------------------------

