----------Ground truth data----------
        30      60      90     120     150     180     240
5   31.560  22.008  47.283  24.765  40.000  44.976  28.858
10  35.632  37.959  49.266  43.134  31.000  12.465  25.955
15  37.031  36.929  46.281  48.272  29.122   9.954  10.147
20  33.025  32.979  47.422  47.698  18.714  49.664   1.951
25  27.252  23.278  15.412  37.984  46.779  35.931  14.311
30  23.000  49.452   3.007  47.317  22.961   5.217  10.458
-------------------------------------

-----------Predicted data------------
           30         60          90  ...         150         180        240
5   61.902745  92.032742  121.428333  ...  182.016877  241.909667   2.783014
10  33.357521  23.095155   48.238917  ...   41.165422   46.480207  23.578317
15  37.763960  40.257077   50.519443  ...   31.753422   12.987401  19.848305
20  40.044486  39.348732   47.852388  ...   30.845077   11.016099   4.058563
25  35.251517  34.555763   49.765710  ...   20.370120   50.500117   1.836016
30  29.028387  25.143763   17.335861  ...   48.161611   36.836289   8.619614

[6 rows x 7 columns]
-------------------------------------

mean_error_rate :  110.510 %
