----------Ground truth data----------
     1    2    3
1  186  296   90
2  446  167  169
3  429  427   94
4  202  222  161
5  160  453  202
6  305   17  275
7  456  267   25
8  455  359  277
-------------------------------------

-----------Predicted data------------
      miss  miss.1  miss.2
miss   0.0     0.0     0.0
4      0.0     0.0     0.0
2      0.0     0.0     0.0
3      0.0     0.0     0.0
4      0.0     0.0     0.0
5      0.0     0.0     0.0
6      0.0     0.0     NaN
7      0.0     0.0     0.0
-------------------------------------

mean_error_rate :  100.000 %
